10
0 2.05451 0.600377 2.64713 0.000103914 0.000233493
1 2.64711 3.55435 2.83151 -7.71443e-05 -0.000693602
2 2.8313 2.87623 2.99649 -0.00084862 -0.00024995
3 2.99643 1.27218 2.28869 -0.000220527 0.000342411
4 2.28869 2.44377 2.81017 1.09286e-05 0.00232538
5 2.81008 1.99933 2.23507 -0.0003713 0.000380922
6 2.23527 2.7308 3.98561 0.000815303 -0.00155183
7 3.98558 0.133236 0.878632 -0.000117415 0.000126976
8 0.878671 3.94074 0.898591 0.000157311 -0.000142245
9 0.898658 1.98588 1.89685 0.000268313 6.22372e-05