10
0 2.05451 0.600371 2.64713 0.000112948 0.00021036
1 2.64713 3.55448 2.83151 -2.53008e-05 -0.000182065
2 2.83151 2.87627 2.99649 -9.6853e-07 -7.0002e-05
3 2.99647 1.27215 2.28869 -8.27663e-05 0.000213009
4 2.2887 2.44317 2.81017 3.47797e-05 -5.66162e-05
5 2.81017 1.99923 2.23507 4.81425e-06 -7.64275e-06
6 2.23507 2.73117 3.98561 1.96033e-05 -7.00064e-05
7 3.98559 0.133233 0.878632 -7.85512e-05 0.000115328
8 0.87866 3.94075 0.898591 0.000114848 -0.000108211
9 0.898652 1.98589 1.89685 0.00024239 8.16972e-05
