100
0 1.52016 3.81263 0.888539 0 0
1 0.888539 3.43572 2.38276 0 0
2 2.38276 0.307497 1.70555 0 0
3 1.70555 3.56347 3.13153 0 0
4 3.13153 0.0862281 1.52126 0 0
5 1.52126 3.79485 2.42435 0 0
6 2.42435 1.89228 3.73113 0 0
7 3.73113 0.603505 2.24006 0 0
8 2.24006 3.25689 3.17342 0 0
9 3.17342 2.92319 1.14196 0 0
10 1.14196 0.443352 1.5734 0 0
11 1.5734 1.33189 2.42477 0 0
12 2.42477 3.71465 1.35196 0 0
13 1.35196 1.4202 1.74702 0 0
14 1.74702 0.551724 3.44413 0 0
15 3.44413 2.07298 3.79493 0 0
16 3.79493 0.497334 3.80871 0 0
17 3.80871 0.228459 0.587475 0 0
18 0.587475 2.46852 0.350446 0 0
19 0.350446 1.64194 0.281327 0 0
20 0.281327 2.7839 0.0248368 0 0
21 0.0248368 0.357306 3.20407 0 0
22 3.20407 2.78208 2.6908 0 0
23 2.6908 0.134035 1.74099 0 0
24 1.74099 1.88105 0.877417 0 0
25 0.877417 1.32518 3.80869 0 0
26 3.80869 1.12011 0.632243 0 0
27 0.632243 0.928818 2.0593 0 0
28 2.0593 1.51629 2.74325 0 0
29 2.74325 1.86674 2.35038 0 0
30 2.35038 2.14807 2.40087 0 0
31 2.40087 2.1729 3.78324 0 0
32 3.78324 1.37697 0.880267 0 0
33 0.880267 0.0677712 3.39749 0 0
34 3.39749 1.80876 2.46643 0 0
35 2.46643 2.68618 3.60836 0 0
36 3.60836 2.49487 1.24761 0 0
37 1.24761 3.12711 3.11533 0 0
38 3.11533 1.18641 3.45157 0 0
39 3.45157 3.92966 1.42975 0 0
40 1.42975 2.28004 2.19183 0 0
41 2.19183 0.680913 3.31122 0 0
42 3.31122 0.464156 3.21268 0 0
43 3.21268 1.34442 3.24817 0 0
44 3.24817 0.741911 1.16472 0 0
45 1.16472 3.20834 0.406455 0 0
46 0.406455 2.8167 0.768295 0 0
47 0.768295 0.0643119 2.05895 0 0
48 2.05895 3.17964 0.865905 0 0
49 0.865905 2.63121 1.5396 0 0
50 1.5396 0.0609597 0.361353 0 0
51 0.361353 2.25279 1.35601 0 0
52 1.35601 1.564 3.72765 0 0
53 3.72765 0.776682 2.16705 0 0
54 2.16705 0.0248574 2.41522 0 0
55 2.41522 1.18958 1.34957 0 0
56 1.34957 1.59604 2.7788 0 0
57 2.7788 2.36433 3.33513 0 0
58 3.33513 0.423285 1.07789 0 0
59 1.07789 1.28919 2.7503 0 0
60 2.7503 2.82879 2.70277 0 0
61 2.70277 3.19014 3.33614 0 0
62 3.33614 0.546153 0.433671 0 0
63 0.433671 0.2738 2.87562 0 0
64 2.87562 2.44085 2.05949 0 0
65 2.05949 0.856074 0.451696 0 0
66 0.451696 2.20565 1.6606 0 0
67 1.6606 0.984441 2.93382 0 0
68 2.93382 0.319575 3.38668 0 0
69 3.38668 1.39746 2.47075 0 0
70 2.47075 0.147767 1.61578 0 0
71 1.61578 2.85053 3.0136 0 0
72 3.0136 2.18667 1.97543 0 0
73 1.97543 2.62034 1.71393 0 0
74 1.71393 1.49597 1.4773 0 0
75 1.4773 3.55546 2.43024 0 0
76 2.43024 0.00715273 0.979223 0 0
77 0.979223 1.66776 1.89254 0 0
78 1.89254 0.601575 3.22913 0 0
79 3.22913 3.98826 1.85492 0 0
80 1.85492 2.45901 3.3095 0 0
81 3.3095 0.0747893 3.95421 0 0
82 3.95421 3.08839 1.14508 0 0
83 1.14508 1.06382 2.60974 0 0
84 2.60974 2.77775 2.51526 0 0
85 2.51526 0.255049 3.27685 0 0
86 3.27685 2.68529 2.24409 0 0
87 2.24409 3.66452 2.19577 0 0
88 2.19577 1.55705 2.46703 0 0
89 2.46703 0.786184 0.135743 0 0
90 0.135743 2.64111 1.95223 0 0
91 1.95223 1.9506 2.61924 0 0
92 2.61924 1.90481 1.47294 0 0
93 1.47294 3.04988 2.94697 0 0
94 2.94697 1.65962 1.91698 0 0
95 1.91698 0.174885 0.442436 0 0
96 0.442436 3.45174 2.97505 0 0
97 2.97505 1.69583 3.17542 0 0
98 3.17542 3.8916 3.97736 0 0
99 3.97736 2.35863 3.20205 0 0
