100
0 1.52203 3.78682 0.888539 0.00362058 -0.0406838
1 0.88905 3.43525 2.38276 0.00204673 -0.00189334
2 2.38488 0.306601 1.70555 0.00855031 -0.00363654
3 1.70493 3.56305 3.13153 -0.00248974 -0.00164211
4 3.13253 0.0873411 1.52126 0.00403545 0.00445102
5 1.52107 3.80233 2.42435 0.000640194 0.00698641
6 2.42484 1.89316 3.73113 0.00194512 0.00355604
7 3.73182 0.601861 2.24006 0.00284772 -0.00671161
8 2.23994 3.25626 3.17342 -0.000502127 -0.00250761
9 3.17311 2.92068 1.14196 -0.00119821 -0.0100269
10 1.14222 0.443733 1.5734 0.00103415 0.00152728
11 1.57311 1.33273 2.42477 -0.00119753 0.00336484
12 2.42392 3.71364 1.35196 -0.00338737 -0.00405439
13 1.35247 1.42304 1.74702 0.00204911 0.011353
14 1.74897 0.552902 3.44413 0.00782671 0.00471296
15 3.44321 2.07254 3.79493 -0.00369463 -0.00173935
16 3.79308 0.499355 3.80871 -0.00740847 0.00808272
17 3.80785 0.229724 0.587475 -0.003444 0.00505936
18 0.587833 2.46826 0.350446 0.00143417 -0.00106782
19 0.351184 1.64193 0.281327 0.00294869 -2.99042e-05
20 0.282024 2.78344 0.0248368 0.00278627 -0.00182974
21 0.0254619 0.357457 3.20407 0.00250044 0.000604773
22 3.20425 2.78064 2.6908 0.000725303 -0.0057403
23 2.68979 0.135424 1.74099 -0.00404382 0.00555796
24 1.74186 1.8809 0.877417 0.00344667 -0.000617563
25 0.879212 1.32516 3.80869 0.00718225 -8.06355e-05
26 3.80777 1.12008 0.632243 -0.00366916 -0.000103552
27 0.633031 0.929152 2.0593 0.00315163 0.00133418
28 2.06064 1.51707 2.74325 0.00536778 0.00310001
29 2.74206 1.86706 2.35038 -0.00476648 0.0012989
30 2.36419 2.15394 2.40087 0.0552124 0.0234977
31 2.39274 2.16809 3.78324 -0.0324891 -0.0192625
32 3.78223 1.3769 0.880267 -0.00406912 -0.000277
33 0.878437 0.0682755 3.39749 -0.00731997 0.00201727
34 3.3966 1.8091 2.46643 -0.00357059 0.00132443
35 2.46765 2.68625 3.60836 0.00489152 0.00025684
36 3.60753 2.4945 1.24761 -0.00328577 -0.00150039
37 1.24846 3.12696 3.11533 0.00337319 -0.000602102
38 3.11578 1.18785 3.45157 0.00179289 0.00573903
39 3.45022 3.92922 1.42975 -0.00538659 -0.00175639
40 1.43042 2.27987 2.19183 0.00268685 -0.000695836
41 2.1914 0.681049 3.31122 -0.00170811 0.000546555
42 3.31411 0.459883 3.21268 0.0115857 -0.017092
43 3.21234 1.34414 3.24817 -0.00133584 -0.00112833
44 3.24813 0.741546 1.16472 -0.000173186 -0.0014583
45 1.16744 3.20608 0.406455 0.0108481 -0.00904714
46 0.406829 2.81637 0.768295 0.00149528 -0.00130262
47 0.771804 0.0649925 2.05895 0.0140354 0.00272241
48 2.05987 3.17952 0.865905 0.0036601 -0.000469813
49 0.866386 2.63107 1.5396 0.00192223 -0.000551041
50 1.53989 0.0617259 0.361353 0.0011641 0.00306478
51 0.363659 2.25192 1.35601 0.00922435 -0.00348972
52 1.35001 1.59442 3.72765 -0.0240164 0.12168
53 3.72698 0.775416 2.16705 -0.00267427 -0.00506405
54 2.16771 0.0259524 2.41522 0.00263903 0.0043801
55 2.41501 1.19003 1.34957 -0.000855288 0.00179678
56 1.3586 1.55215 2.7788 0.0361298 -0.17556
57 2.77965 2.365 3.33513 0.00343458 0.00268606
58 3.32572 0.439229 1.07789 -0.0376487 0.0637775
59 1.07803 1.28947 2.7503 0.00058217 0.00111266
60 2.74858 2.82761 2.70277 -0.00691004 -0.00469803
61 2.70241 3.18914 3.33614 -0.00144024 -0.00399776
62 3.33426 0.540466 0.433671 -0.00751827 -0.022749
63 0.434138 0.274031 2.87562 0.00186977 0.000924267
64 2.87306 2.4389 2.05949 -0.0102676 -0.00778882
65 2.05958 0.855411 0.451696 0.000384716 -0.00264841
66 0.450818 2.20641 1.6606 -0.00351165 0.00304785
67 1.6608 0.98487 2.93382 0.000779614 0.00171495
68 2.93376 0.319746 3.38668 -0.00023645 0.000684461
69 3.38466 1.39728 2.47075 -0.0080983 -0.000739892
70 2.47175 0.151154 1.61578 0.00398295 0.0135489
71 1.61585 2.85067 3.0136 0.000264979 0.000556048
72 3.01262 2.18677 1.97543 -0.0039494 0.000392419
73 1.97517 2.61931 1.71393 -0.00101704 -0.00415917
74 1.71345 1.49572 1.4773 -0.00192681 -0.00100402
75 1.47831 3.55533 2.43024 0.0040492 -0.0005082
76 2.43054 0.00966779 0.979223 0.00119139 0.0100602
77 0.980327 1.66699 1.89254 0.0044162 -0.0030704
78 1.89141 0.601616 3.22913 -0.00448547 0.000165058
79 3.22722 3.98417 1.85492 -0.00763422 -0.0163582
80 1.85557 2.45915 3.3095 0.00260347 0.000559574
81 3.30848 0.075918 3.95421 -0.00404279 0.00451456
82 3.95365 3.08803 1.14508 -0.00223251 -0.00143367
83 1.14538 1.06511 2.60974 0.00123223 0.00516058
84 2.60988 2.77687 2.51526 0.000550066 -0.00351878
85 2.51406 0.254205 3.27685 -0.00478711 -0.00337846
86 3.27467 2.68671 2.24409 -0.00873055 0.00568397
87 2.2444 3.66374 2.19577 0.00124534 -0.00311211
88 2.19431 1.55708 2.46703 -0.00582738 0.000128814
89 2.46649 0.786181 0.135743 -0.002132 -1.21861e-05
90 0.136393 2.64095 1.95223 0.00259955 -0.000628601
91 1.95264 1.95041 2.61924 0.00165892 -0.000780324
92 2.61952 1.90466 1.47294 0.00111696 -0.000584097
93 1.47307 3.04945 2.94697 0.000551979 -0.00173826
94 2.95815 1.67491 1.91698 0.0447361 0.0611394
95 1.91757 0.175769 0.442436 0.00237495 0.00353317
96 0.442992 3.45141 2.97505 0.00222493 -0.00133295
97 2.96759 1.68713 3.17542 -0.0298245 -0.0347889
98 3.17627 3.89279 3.97736 0.00341883 0.00476203
99 3.97652 2.35848 3.20205 -0.00335631 -0.000603486
